Part Number,QtyRealTimeOnHand,QtyOnPurchaseOrder,Minimum_Stock_Level
AV-201,8544.07,0,1000
AV-BASE-BK,17800.19,0,5000
AV-BASE-SNAP,17120.415,0,10000
AV-BASE-WH,43355.181,0,25000
AV-BOX,126,0,100
AV-CH,4763,0,1500
AV-CH-PA,667,0,0
AV-CH-PG,1575,0,0
AV-CH-SA,0.66,0,500
AV-CH-WH,1033.501,0,500
AV-CL,1474,0,1000
AV-CONN,12408,0,5000
AV-CONTACT,84824.074,0,50000
AV-CV-CL,2974.999,0,1500
AV-CV-WH,1853.495,0,1500
AV-EC-BK,725,0,125
AV-EC-SV,451,0,125
AV-EC-WH,196,0,125
AV-LCH,10740,0,1500
AV-LCH-BK,849.7,0,0
AV-LCH-PA,199.995,0,0
AV-LCH-PG,1099.64,0,0
AV-LCH-SA,4164.2,0,500
AV-LCH-WH,480.45,0,500
AV-LEC-BK,1924,0,125
AV-LEC-SV,494,0,125
AV-LEC-WH,872,0,125
AV-LNS,26487,0,4000
AV-MC,1279.397,0,2500
AV-MC-BK,4300,0,1000
AV-MS,6198,0,1000
AV-RB-BK,12850,0,2500
AV-RB-WH,5504,0,5000
AV-RF,63884.696,0,2500
AV-RF-A,4200,0,2500
AV-RF-S,18000,0,5000
AV-TOWER-BK,14500,0,5000
AV-TOWER-WH,42300.186,0,25000
AVLED-4000K,0,0,0
AVLED-IW,4579,0,5000
AVLED-KC,2849,0,2500
AVLED-LW,1551,0,0
AVLED-WW,10036.93,0,10000
AVLED-WW-G1,1068,0,0
AVO-BKT-V,523,0,0
AVO-CLMP-BASE,705,0,0
AVO-ED-CL,2459,0,0
AVO-EL-CL,1586,0,0
AVO-ELC-CL,1586,0,0
AVO-END-SCREW,3166,0,0
AVO-EXT,7474.75,0,0
AVO-HOLD-BK,610,0,0
AVO-NUT-BK,4839,0,0
AVO-TUBE-2.5M,218.22,0,0
AVWH-T-FR,620,0,250
AVWH-T-MP,645,0,250
AVXF-100,6449,0,3280
AVXF-2700K,140.388,0,0
AVXF-3500K,1682.56,0,0
AVXF-4000K,354.96,0,0
AVXF-60,3445.989,0,2000
AVXF-75,2676.785,0,2500
AVXF-CP,5931,0,2000
AVXF-IW,9181.681,0,5000
AVXF-KC,5000,0,0
AVXF-MC,4471.6,0,1500
AVXF-WW,12572.454,0,10000
BB-301,4440.616,0,5000
C2-120-12V,1,0,0
C2-12DC-RPG,86,0,0
C2-192-24V,0,0,0
C2-240-12V,3,0,0
C2-24DC-RPG,117,0,0
C2-288-24V,0,0,0
C2-288-24V/277,2,0,0
C2-300-12V,1,0,0
C2-300-12V/277,0,0,0
C2-40-24V,157,0,50
C2-480-24V,10,0,0
C2-480-24V/277,0,0,0
C2-50-24V,220,0,50
C2-60-12V,40,0,25
C2-60E/PG,50,0,0
C2-6DC-RPG,63,0,0
C2-6PG,67,0,0
C2-8DC-RPG,102,0,0
C2-8PG,65,0,0
C2-96-24V,129,0,50
C2-96-24V/277,9,0,0
CABLE-BK,32212.517,22000,50000
CABLE-CAT5-25,324,0,50
CABLE-CAT5-50,75,0,25
CABLE-DMX,1399.83,0,300
CABLE-GR,800,0,0
CABLE-KS,0,0,0
CABLE-WH,61144.923,0,50000
CC-40-DIODE,12,0,0
CC-BOX,84,0,0
CC-LENS,121,0,0
CL-100,2699.8,0,1000
CL-150,3199.997,0,1000
CL-201,5980.238,0,0
CL-202,8875.842,0,5000
CL-203,7121.59,0,10000
CL-30,2794.24,0,3280
CL-300,600,0,0
CL-50,5299.52,0,3280
CL-60,0.11,0,0
CL-80,1900.44,0,1000
CL-AM,2000,0,0
CL-BL,1000,0,0
CL-GR,1000,0,0
CL-IW,250,0,0
CL-RD,1000,0,0
CL-SO,1000,0,0
CL-WH,1000,0,0
CLED-2000K,11355.43,0,10000
CLED-2500K,30493.57,0,20000
CLED-3000K,11969.45,0,10000
CLED-5000K,6827.86,0,5000
CLED-AM,5887.52,0,2500
CLED-BL,2564.97,0,2500
CLED-GR,6616.36,0,2500
CLED-RD,4707.33,0,2500
CR-B,4500.18,0,5000
CR-BL,729,0,0
CR-DF,4170.81,0,1000
CR-EC,620,0,500
CR-GL,2605,0,0
CR-KB,2700,0,1000
CR-LV,1726,0,0
CR-RD,607,0,0
CR-RS,470,0,0
CR-S,2936.64,0,5000
CR-TL,1191,0,0
CT-B,12403.37,0,5000
CT-BL,1185,0,0
CT-DF,4554.65,0,1000
CT-EC,696,0,500
CT-GL,530,0,0
CT-KB,1104,0,1000
CT-LV,1017,0,0
CT-RD,916,0,0
CT-RS,428,0,0
CT-S,8282.22,0,5000
CT-TL,777,0,0
CTO-CP,7748,0,2500
DC-CONN,580,0,0
DMX-CTR,0,0,0
DMX-CTR-B,0,0,0
DMX-CTR-W,0,0,0
DOOSH-2F,15,0,0
DOOSH-2M,45,0,0
EC-B,192,0,0
EC-BK,2585,0,500
EC-D,3460,0,0
EC-FL,7195,0,1000
EC-L,8438,0,1000
EC-M,4631,0,1000
EC-PG,1376,0,500
EC-SC,2673,0,500
EC-TXA,974,0,0
EC-W,691,0,250
ECD-BK,8864,0,1000
ECD-CL,8754,0,1000
ECD-WH,1465,0,1000
ECL-BK,4903,0,1000
ECL-CL,6852,0,1000
ECL-WH,1581,0,1000
ECM-L,2687,0,1000
ECW-L,3540,0,1000
EMC-500-ATLA,0,0,0
EMC-CON-500,0,0,0
EMC-CON-500-90D,0,0,0
ENCL12124,2,0,0
EX-112,500.095,0,0
EX-124,11531.323,0,5000
EX-212,3945.457,0,0
EX-BL,2650.264,0,1000
EX-CAP,0.916,0,0
EX-CB,950,0,0
EX-CNT,40425.755,20000,20000
EX-CS-P,164,0,0
EX-CS1,35,0,0
EX-CS2,158,0,0
EX-CS3,6,0,0
EX-CS4,90,0,0
EX-CUBE-CL,0,0,0
EX-CUBE-RD,0,0,0
EX-EB,18,0,0
EX-G14-CL,8601.321,0,2800
EX-G14-FR,3342.826,5600,2800
EX-GR,1399.664,0,1000
EX-LSK-BK,15151.285,10000,10000
EX-LSK-WH,14763.308,0,10000
EX-MA-BK,889,0,0
EX-MA-WH,3669,0,0
EX-MD-BK,14402,0,5000
EX-MD-BK-old,10244,0,0
EX-MD-WH,4229,0,5000
EX-MD-WH-old,9744,0,0
EX-MDA-BK,4942,10000,10000
EX-MDA-WH,6091,0,5000
EX-MDASCR,6797,0,0
EX-MS-BK,11348,0,5000
EX-MS-WH,7464,0,5000
EX-OR,1424.644,0,1000
EX-OR-03,7312.73,0,0
EX-OR-22,51374.891,0,40000
EX-ORING,2419.8,0,0
EX-PEND,171,0,50
EX-PL,1319.764,0,1000
EX-RD,1692.264,0,1000
EX-RGB-300,2507,0,0
EX-RGB-LEAD,296,0,0
EX-S-AM,945.55,0,0
EX-S-BL,915,0,0
EX-S-CL,2593.58,0,0
EX-S-FR,1812.04,0,0
EX-S-GR,846,0,0
EX-S-RD,483,0,0
EX-S-VL,953,0,0
EX-S14-CL,1851.334,4704,2500
EX-S14-FR,3626.516,6762,2500
EX-SCR,73023.507,40000,40000
EX-SCREW,7000,0,0
EX-SH,6932.986,300,5000
EX-SILICONE,111.43,0,0
EX-SKT-BK,245,0,0
EX-SKT-WH,1552.84,0,0
EX-SPH-AM,856.676,0,1000
EX-SPH-BL,2268.008,0,1000
EX-SPH-CL,5970.303,16800,5000
EX-SPH-FR,6708.983,5600,5000
EX-SPH-GR,1274.972,0,1000
EX-SPH-RD,1925.553,0,1000
EX-SPH-VL,1605.926,0,1000
EX-TK,9,0,0
EX-UB-IW,2906.087,0,0
EX-UB-LW,7182.498,0,5000
EX-UB-WW,6815.439,5000,5000
EX-USK-BK,19491.647,10000,10000
EX-USK-WH,12138.121,0,10000
EX-VI-IW,2822.656,0,0
EX-VI-LW,6744.484,0,5000
EX-VI-WW,3031.523,10000,5000
EX-WH,2847.916,0,2500
EX-WR,0,0,0
EX-WW,4929.198,0,5000
EX-YG,2032.384,0,1000
EXC-EC,775,0,200
EXC-SPL,2215,0,200
EXCH-B-NA,7925,0,1000
EXCH-B-PA,164,0,0
EXCH-B-PG,482,0,0
EXCH-B-SA,3615.586,0,1000
EXCH-B2-BK,620,0,1000
EXCH-B2-NA,540,0,1000
EXCH-B2-SA,2179,0,1000
EXCH-B2-WH,920,0,1000
EXCH-C-BK,460,0,1000
EXCH-C-NA,8820,0,1000
EXCH-C-PA,205,0,0
EXCH-C-PG,451,0,0
EXCH-C-SA,1022.586,0,2000
EXCH-C-WH,939,0,1000
EXSS-CABLE,800,0,0
FILTER-DIFFUSER,400,0,0
FILTER-KB,0,0,0
FL-200,3600,0,2000
FL-300,2430,0,2000
FL-400,1000,0,0
FLBK,7354.921,0,0
FLBK-110-HM,5017.47,0,2500
FLBK-160-HM,10167.525,0,5000
FLBK-210-HM,7572.989,0,5000
FLBK-310-HM,7613.352,0,5000
FLBK-410-HM,7133.168,0,2500
FLBK-60-HM,3036.153,0,2500
FLGR,8220,0,0
FLN-3000K-03D-B,30,0,0
FLN-5000K-03D-B,7,0,0
FLWG,6312.027,0,0
FLWG-110-HM,0.165,0,0
FLWG-160-HM,7305.784,0,3930
FLWG-210,5320.3,0,0
FLWG-210-HM,6599.993,0,3440
FLWG-310-HM,6575.856,5280,5280
FSM-3000K-03D-B,48,0,0
FSM-3000K-03D-W,19,0,0
FSM-5000K-03D-B,30,0,0
FSM-5000K-03D-W,15,0,0
FSM-LNS-CL,290,0,0
FSP-3000K-03D-B,21,0,0
FSP-4000K-03D-B,0,0,0
FSP-5000K-03D-B,16,0,10
FT19-BK,947,0,0
GR-100-IW-08D-1600,11,0,0
GR-100-IW-08D-800,10,0,0
GR-A-MB,153,0,0
GR-B-EX-2.32M,0,0,0
GR-B-EX-2.4M,219.74,0,0
GR-BOX,18,0,0
GR-C-EX-100MM-2.4M,237.73,0,0
GR-C-EX-2.4M,23.54,0,0
GR-C-EX-75MM-2.4M,8.2,0,0
GR-EC,733,0,0
GR-EC-PG,1050,0,0
GR-F-MB,478,0,0
GR-FOAM-FLAT,100,0,0
GR-FOAM-P&P,75,0,0
GR-INV-CARD,596,0,0
GR-LED-2700K-G1,14,0,0
GR-LED-BL,165,0,0
GR-LED-IW,578.72,0,0
GR-LED-NW,964,0,0
GR-LF-1.83M,478,0,0
GR-LNS-20D,4731.76,0,0
GR-LNS-40D,1651,0,0
GR-LNS-8D,1573.84,0,0
GR-LNS-GD/CL,1732.72,0,0
GR-LNS-GD/FR,1516,0,0
GR-LNS-SP,632.12,0,0
GR-MB-SC,3000,0,0
GR-MC,1445,0,0
GR-SR,1876,0,0
GR-SR-SC,1934,0,0
GREEN PLED-IW,24416.03,0,0
GRHB-100,366.993,0,100
GRHB-2200,0,0,0
GRHB-2200-L,26,0,0
GRHB-2700,3026,5,1000
GRHB-2700-L,731,0,250
GRHB-3000,2679,0,1000
GRHB-3000-L,1084,0,250
GRHB-4000,1751,0,500
GRHB-4000-L,857,0,200
GRHB-60,192.2,0,100
GRHB-75,267.037,0,100
GRHB-AB,2252,0,500
GRHB-BASE,503.23,0,400
GRHB-EC,1476,0,500
GRHB-FB,702,0,400
GRHB-GLVR,143.716,0,100
GRHB-HLVR,1305,0,1000
GRHB-LC,7251,0,3000
GRHB-LNS-15D,2655,0,1000
GRHB-LNS-8D,3530,0,1000
GRHB-LNS-SP,3582,0,1000
GRHB-PLVR,2274,0,1000
GRX-2700-15D-1200,101,1,100
GRX-2700-15D-300,81,0,50
GRX-2700-15D-600,93,0,70
GRX-3000-15D-1200,356,0,300
GRX-3000-15D-300,142,0,150
GRX-3000-15D-600,168,0,200
GRX-4000-15D-1200,115,0,100
GRX-4000-15D-300,51,0,50
GRX-4000-15D-600,95,0,70
GRX-CABLE,482,0,200
GRX-CON,458,0,300
GRX-CP,482,0,0
GRX-EC,648,0,300
GRX-EXT-1M,202,0,200
GRX-EXT-3M,319,0,200
GRX-LVR,975,0,0
GRX-LVR-BK,46.1,0,0
GRX-LVR-MILL,4600,0,0
GRX-LVR-SCREW,433,0,0
GRX-Y-CON,339,0,300
HBL-BOOT,45,0,0
HBL-CONN,45,0,0
HC-10/BOX-GSKT,187,0,50
HC-10/NUT,4500,0,0
HC-10/PLUG,436,782,200
HINGE-BK,2372,0,250
ICP,5,0,0
ILS-BASE,1057,0,0
ILS-COVER,1127,0,0
ILS-EC,1143,0,0
ILS-FB,373,0,0
KIT-BOX-SM,0,0,0
KLED-IW-CF,2550.07,2500,2500
KLED-IW-FF,3336.86,0,2500
KLED-IW-SF,6560.92,0,2500
KLED-WH-FF,919.16,0,0
KLED-WH-SF,462,0,0
KLED-WH-ST,0.612,60,0
KLED-WW-CF,2823,0,2500
KLED-WW-SF,4995.075,0,2500
KS-CONTACT,0,0,0
KS-ED,0,0,0
KS-EXCH-ADP,0,0,0
KS-G19-FR,0,0,0
KS-GS-ADP,0,0,0
KS-GS-LW,0,0,0
KS-GS-P,0,0,0
KS-GS-UP,0,0,0
KS-LR,0,0,0
KS-LSKT,0,0,0
KS-MC-2.4M-BK,0,0,0
KS-MD-BK,0,0,0
KS-MDA-BK,0,0,0
KS-MS-BK,0,0,0
KS-RGB,0,0,0
KS-SCREW,0,0,0
KS-SEAL-MOD,0,0,0
KS-SH-BK,0,0,0
KS-USKT,0,0,0
KSW-CON-DC-15M,2,25,0
KSW-CON-DC-30M,3,50,0
KSW-CON-LC-10M,6,50,0
KSW-CON-T,6,50,0
KSW-EXT-1M,3,25,0
KSW-L1200-RGBW-20D,0,40,0
KSW-L300-RGBW-20D,4,40,0
KSW-L600-RGBW-20D,10,20,0
KSW-L900-RGBW-20D,4,20,0
LC-1CH-DP,109,100,100
LC-1CH-DP-5V,1,0,0
LC-1CH-MULTI,763,0,500
LC-3CH-CM,7,0,20
LC-3CH-DMX,430,0,500
LC-3CH-DP,21,0,100
LC-4CH-DMX,5,0,0
LC-CLR-DMX,3,0,0
LC-DMR,11,20,20
LC-DMR-5V,1,0,0
LC-DMR-BKK,60,0,30
LC-DMR-EZ,49,0,25
LC-DMR-SVK,60,0,30
LC-DMX-5A,300,0,0
LC-GR-DP,48,0,20
LC-KSW-DC,6,40,0
LC-KT-DMR,12,0,0
LC-KT-DP,90,0,0
LC-KT-SCDP,12,0,0
LC-PWM-SD,299,0,25
LC-SB,28,0,0
LC-SC,5,0,0
LC-SPL-DMX,1,0,0
LC-SPL2-DMX,0,0,0
LDCC-50W-700DALI,3,0,0
LDR-3DA,24,0,0
LDR-DIM,245,0,0
LDR12-20,2,0,0
LDR12-60,6,0,0
LDR24-120,8,0,0
LDR24-16,50,0,0
LDR24-192,552,0,250
LDR24-20,0,0,0
LDR24-25,65,0,0
LDR24-40,59,88,32
LDR24-96,595,156,100
LDR24-96-DALI,54,0,0
LDR24-96W,94,0,0
LDR8-150,5,0,0
LDR8-200,12,0,0
LDR8-40,1234,0,1500
LDR8-80,169,504,1500
LDR8/40,20,0,0
LDRCC-40,244,0,0
LDRCC-40-LINEAR,0,0,0
LDRCC-40-NS,0,0,0
LED-AM,2194,0,0
LED-BL,0,0,0
LED-BOX,203,0,0
LED-BOX-5,46,0,0
LED-GR,2466,0,0
LED-IW,1300,0,0
LED-IW-120,0,0,0
LED-IW-A3,500,0,0
LED-IW-CF,4000,0,0
LED-RD,2000,0,0
LED-SO,650,0,0
LED-WH,2500,0,0
LED-WH-120DV,760,0,0
LED-WH-FL,990,0,0
LG-875,624,0,0
LG-C,0,0,0
LINECORD10,75,0,0
LLDR6-60,80,0,0
LPS-350-6CH,66,0,50
LPS-8.4-24,2,0,0
LPSDM-350-6CH,68,0,50
LSB-100,3769.64,0,2000
LSB-150,2231.04,0,2000
LSB-30,50,0,0
LSB-300,3230,0,1000
LSB-50,0.4,0,0
LSB-80,0,0,0
LSC,0,0,0
LSC-100,3100.24,0,2000
LSC-150,1744.8,1640,2000
LSC-30,910,0,0
LSC-300,1359.8,0,1000
LSC-50,2109.8,0,0
LSC-80,760,0,0
LSW-100,2291.88,0,2000
LSW-15,1219.76,0,1000
LSW-150,3794.88,0,2000
LSW-18AWG,2500,0,0
LSW-30,2263.2,0,2000
LSW-300,3320.04,0,1000
LSW-50,3079.86,0,2000
LSW-80,1419.88,0,1500
LUM-100-BL,1020.44,0,0
LUM-100-IW,1918.32,0,1860
LUM-100-RD,0,0,0
LUM-100-WH,2121.36,0,1240
LUM-150-IW,0,0,0
LUM-200-CSTM,0,0,0
LUM-310-IW,107,0,0
LUM-50-2200K,0,0,0
LUM-50-3000,133.339,0,0
LUM-50-4500,0,0,0
LUM-50-BL,1220.88,0,990
LUM-50-IW,3194.882,0,1980
LUM-50-IW-F,0,0,0
LUM-50-IW-Z,1664,0,0
LUM-50-RD,0,0,0
LUM-50-WH,1736.92,0,990
LUM-75-BL,0,0,0
LUM-75-IW,156,0,0
LUM-75-RD,0,0,0
LUM-LEAD,1286.12,0,1000
LUM-LNS,1800,0,0
LUM-RD-CSTM,0,0,0
LUN-BG,230,0,0
LUN-CP,60,0,0
LUN-LH,120,0,0
LUN-PB,60,0,0
LUN-STEM-L,0,0,0
LUN-STEM-M,0,0,0
LUN-STEM-S,0,0,0
LUN-STR,130,0,0
LUNH-11,0,0,0
LUNH-12,1,0,0
LUNH-13,0,0,0
LUNH-14,0,0,0
LUNH-15,0,0,0
LUNH-16,0,0,0
LUNH-17,0,0,0
LUNH-18,0,0,0
LUNH-19,0,0,0
LUNH-20,0,0,0
LUNH-21,0,0,0
LUNH-22,0,0,0
LUNH-23,1,0,0
LUNH-24,1,0,0
LUNH-25,0,0,0
LUNH-27,0,0,0
LV-BKT,2876,0,1000
LV-CH-WH,2097.6,0,1000
LV-CON,491,0,150
LV-CVR,3691.8,0,1000
LV-ECR,502,0,300
LV-ECS,386,0,300
LV-LTC,500,0,400
LV-SCR-SV,2292,0,400
LV-WFL,0.143,0,5
LVM-2700K,642,0,400
LVM-3000K,430,0,400
LVM-3500K,50,0,0
LVM-4000K,233,0,200
LW-3C-18GA,1200,0,0
LW-4C-18GA,3600,0,0
MC-BC,187.24,0,0
MC-BL,1282,0,0
MC-BW,3673.79,0,5000
MC-DF,3519.688,0,1000
MC-EC,1652,0,500
MC-ECL,5191,0,500
MC-GL,2689,0,0
MC-KB,1816,0,1000
MC-LV,2045,0,0
MC-RD,1525,0,0
MC-RS,2628,0,0
MC-S,2507.39,0,5000
MC-TL,1344,0,0
MDL-2700-B,47,0,30
MDL-2700-B-HF,0,0,0
MDL-2700-S,73,0,30
MDL-2700-W,28,0,30
MDL-3000-B,89,0,30
MDL-3000-B-CC,2,0,0
MDL-3000-B-HF,1,0,0
MDL-3000-S,85,1,30
MDL-3000-W,86,0,30
MDL-4000-B,43,0,30
MDL-4000-B-HF,0,0,0
MDL-4000-S,49,0,25
MDL-4000-W,34,0,30
MDL-5000-B,88,0,30
MDL-5000-B-HF,10,0,0
MDL-5000-HF30B-KIT,0,0,0
MDL-5000-S,45,0,25
MDL-5000-W,49,0,30
MDL-RED-HF30B-KIT,0,0,0
MFL-2700K,4,0,0
MFL-3000K,4,0,0
MFL-CV-BK,4,0,0
MFL-CV-SCR,992,0,0
MFL-CV-SV,4,0,0
MFL-CV-WH,6,0,0
MFL-HC-LNS,6,0,0
MFL-INCVR,6,0,0
MLC-2700-B,33,50,0
MLC-2700-W,57,0,0
MLC-3000-B,49,0,0
MLC-3000-W,41,0,0
MLC-4000-B,2,0,0
MLC-4000-W,29,0,0
MLC-5000-B,6,0,0
MLC-5000-W,4,0,0
MLC-BKT,448,0,0
MLC-CH-B,174.657,0,0
MLC-CH-W,87.964,0,0
MLC-CV-B,175,0,0
MLC-CV-W,172,0,0
MLC-EC-SCR,684,0,0
MLC-EDC-B,240,0,0
MLC-EDC-W,180,0,0
MLC-EDL-B,125,0,0
MLC-EDL-W,167,0,0
MLC-LC-B,145,0,0
MLC-LC-W,185,0,0
MLC-M,24,0,0
MLC-W,24,0,0
MLX-F2,1049,0,0
MLX-F3,1249,0,0
MLX-F4,567,0,0
MLX-F6,3220,0,0
MLX-M2,1788,0,0
MLX-M3,800,0,0
MLX-M4,794,0,0
MLX-M6,1062,0,0
MLX-PIN-F,8114,0,0
MLX-PIN-M,11696,0,0
MPD-2700K-16D-B,0,0,0
MPD-2700K-16D-W,0,0,0
MPD-2700K-24D-B,3,0,0
MPD-2700K-24D-W,0,0,0
MPD-3000K-16D-B,0,0,0
MPD-3000K-16D-W,0,0,0
MPD-3000K-24D-B,0,0,0
MPD-3000K-24D-W,3,0,0
MPD-CON,6,0,0
MPD-EXT-10M,0,0,0
MPD-EXT-1M,2,0,0
MPD-EXT-5M,0,0,0
MPD-SPL2,4,0,0
MPL-2700K-16D-B,3,0,0
MPL-2700K-24D-B,0,0,0
MPL-3000K-16D-B,0,0,0
MPL-3000K-24D-B,3,0,0
MS-CNV-24V,12,0,0
MS-CV-B,48,0,25
MS-CV-S,210,0,25
MS-LNS-16D,399,0,25
MS-LNS-24D,357,0,25
MS-LNS-30D,464,0,200
MS-PLUG-UK,67,0,0
MS-PLUG-US,165,0,0
MS-PS-6CH,226,0,0
MS-SKT-B,162,0,100
MS-SKT-S,184,0,50
MS-SKT-S-10',0,0,0
MSP-2700-B-150,30,0,10
MSP-2700-B-250,15,0,10
MSP-2700-B-30,14,0,10
MSP-2700-B-350,9,0,0
MSP-2700-S-150,19,0,10
MSP-2700-S-250,10,0,10
MSP-2700-S-30,19,0,10
MSP-2700-S-350,10,0,0
MSP-3000-B-150,36,0,25
MSP-3000-B-200,0,0,0
MSP-3000-B-250,32,0,25
MSP-3000-B-30,52,0,25
MSP-3000-B-330,0,0,0
MSP-3000-B-350,10,0,0
MSP-3000-B-80,0,0,0
MSP-3000-S-150,40,0,25
MSP-3000-S-2,0,0,0
MSP-3000-S-200,0,0,0
MSP-3000-S-250,34,0,25
MSP-3000-S-30,51,0,25
MSP-3000-S-350,5,0,0
MSP-3000-S-53,0,0,0
MSP-3000-S-75,0,0,0
MSP-4000-B-150,20,0,10
MSP-4000-B-250,21,0,10
MSP-4000-B-30,19,0,10
MSP-4000-B-350,7,0,0
MSP-4000-S-150,19,0,10
MSP-4000-S-250,19,0,10
MSP-4000-S-30,19,0,10
MSP-4000-S-350,10,0,0
MSP-5000-B-150,11,0,10
MSP-5000-B-250,12,0,10
MSP-5000-B-30,18,0,10
MSP-5000-B-350,10,0,0
MSP-5000-S-150,16,0,10
MSP-5000-S-250,11,0,10
MSP-5000-S-30,18,0,10
MSP-5000-S-300,0,0,0
MSP-5000-S-350,10,0,0
MSP-5000-S-400,8,0,0
MSP-6000-B-150,0,0,0
MSP-6000-S-150,4,0,0
MTK-2700-B,138,0,50
MTK-2700-S,143,0,50
MTK-3000-B,103,0,100
MTK-3000-S,201,0,100
MTK-3000-WH,0,0,0
MTK-4000-B,30,0,25
MTK-4000-S,44,0,25
MTK-4200-B,0,0,0
MTK-4200-S,0,0,0
MTK-5000-B,30,0,15
MTK-5000-S,25,0,15
MTK-6000-B,42,0,0
MTK-6000-S,44,0,0
MTK-CONN,154,0,100
MUP-2700K-16D-B,2,0,0
MUP-2700K-16D-B-GC,0,0,0
MUP-2700K-16D-S,0,0,0
MUP-2700K-16D-S-GC,0,0,0
MUP-2700K-24D-B,2,0,0
MUP-2700K-24D-B-GC,0,0,0
MUP-2700K-24D-S,0,0,0
MUP-2700K-24D-S-GC,0,0,0
MUP-3000K-16D-B,2,0,0
MUP-3000K-16D-B-GC,0,0,0
MUP-3000K-16D-S,0,0,0
MUP-3000K-16D-S-GC,0,0,0
MUP-3000K-24D-B,2,0,0
MUP-3000K-24D-B-GC,0,0,0
MUP-3000K-24D-S,0,0,0
MUP-3000K-24D-S-GC,0,0,0
MUP-3500K-16D-B,0,0,0
MUP-3500K-16D-B-GC,0,0,0
MUP-3500K-16D-S,0,0,0
MUP-3500K-16D-S-GC,0,0,0
MUP-3500K-24D-B,0,0,0
MUP-3500K-24D-B-GC,0,0,0
MUP-3500K-24D-S,0,0,0
MUP-3500K-24D-S-GC,0,0,0
MUP-4000K-16D-B,0,0,0
MUP-4000K-16D-B-GC,0,0,0
MUP-4000K-16D-S,0,0,0
MUP-4000K-16D-S-GC,0,0,0
MUP-4000K-24D-B,0,0,0
MUP-4000K-24D-B-GC,0,0,0
MUP-4000K-24D-S,0,0,0
MUP-4000K-24D-S-GC,0,0,0
NSY-TP,73,0,50
NSY-TP-200,78,0,0
NYLOC-832,624,0,0
OCPPLATE,5,0,0
OL-CON-2M,59,0,50
OL-EC,79,0,50
OL-EXT-10M,50,0,25
OL-EXT-1M,40,0,25
OL-EXT-5M,50,0,25
OL270015-1,68,0,50
OL270015-3,38,0,0
OL300015-1,12,0,0
OL300015-3,38,0,20
OL400015-1,76,0,50
OL400015-3,40,0,20
OPT-115,244,0,0
OPT-75,347,0,0
OPT-CC,1656,0,0
OPT-LSKT,623,0,0
OPT-MB,954,0,0
OPT-SH,433,0,0
OPT-USKT,626,0,0
OPTIMA-DS2,0,0,0
P-18V,199,0,0
P063DH,990,0,0
PF-B,2912,0,500
PF-G,4770,0,500
PF-S,0,0,0
PHMS-832-3125,0,0,0
PHMS-832-625,0,0,0
PHSTT-440-375,0,0,0
PLED-AM,10675.14,0,5000
PLED-BL,15699.42,0,5000
PLED-GR,11861.56,0,5000
PLED-IW,15016.47,0,10000
PLED-RD,6169.55,0,5000
PLED-WH,5179.16,0,5000
RC-101A,2000,0,500
RC-101B,1700,0,500
RC-101G,3200,0,500
RC-101R,3100,0,500
RC-101W,2200,0,500
RC-105A,1500,0,500
RC-105B,4600,0,500
RC-105G,2900,0,500
RC-105R,1500,0,500
RC-105W,2400,0,500
RC-B,5365.04,0,5000
RC-BL,890,0,0
RC-CP,5826,0,2500
RC-DF,623.82,0,500
RC-EC,1451,0,500
RC-GL,537,0,0
RC-KB,497,0,0
RC-LV,697,0,0
RC-RD,1764,0,0
RC-RS,393,0,0
RC-S,8551.348,0,10000
RC-TL,660,0,0
RCASE,22,0,0
RCP,27,0,0
RGB-CTR,5,0,0
RKF,29,0,0
RKP,12,0,0
RKROLLER,4,0,0
RS-GC,4045,0,0
RV-2200-SP,11.2,0,0
RV-2400-120D,1114.41,0,0
RV-2400-SP,1198,0,1000
RV-2700-120D,3405.82,0,2000
RV-2700-SP,8049.49,0,4000
RV-2700-SP-WH,210,0,0
RV-3000-120D,4640.82,0,2000
RV-3000-SP,6836.8,0,4000
RV-3500-120D,1582,0,0
RV-4200-120D,1627.9,0,0
RV-4200-120D-WH,23.38,0,0
RV-4200-SP,1468.91,0,0
RV-5500-120D,3715.35,0,2000
RV-5500-SP,4448.54,0,2000
RV-AB,276,0,200
RV-BFL,789,0,0
RV-BL-120D,2211.35,0,2000
RV-BL-SP,2601.7,0,2000
RV-CH-BK-2.4M,292,0,0
RV-CH-SV-2.4M,753.78,0,200
RV-CONTACT,43170.634,0,10000
RV-EC-BK,0,0,0
RV-EP-SCR,9316,0,0
RV-FB,269,0,200
RV-GL-DC,8,0,0
RV-GL-ED-L,3,0,0
RV-GL-ED-R,11,0,0
RV-GL-FIN-L,125,0,0
RV-GL-FIN-U,95,0,0
RV-GL-LVR-2.4M,199,0,0
RV-LSKT,14572.79,0,10000
RV-LSKT-WH,85.38,0,0
RV-LVR-BK-2.4M,0,0,0
RV-LVR-SV-2.4M,439.99,0,200
RV-ORING,9170.17,5000,10000
RV-RD-120D,0,0,0
RV-RD-SP,0,0,0
RV-SCREW,50009.281,0,40000
RV-SEAL,50234.356,0,0
RV-SEALANT,0,50,50
RV-USKT,12572.79,0,10000
RV-USKT-WH,1600.38,0,0
RVC-EC,688,0,200
RVC-EC-BK,0,0,0
RVC-EC-G1,150,0,0
RVC-SPL,1978,0,200
RVCL-EC,400,0,100
RVCL-EC-BK,0,0,0
RW-3000-120D,0,0,0
RW-3000-SP,0,0,0
RW-CONTACT,0,0,0
RW-GASKET,0,0,0
RW-LSKT,0,0,0
RW-SCREW,0,0,0
RW-USKT,0,0,0
SC-360BB,5,0,0
SC-360BB-12,3,0,0
SC-5A,14,0,0
SD277-120-250,1,0,0
SD277-120-500,20,0,0
SH-01,971,0,0
SH-02,131850.044,0,125000
SH-03,6160,0,0
SH-04,87172,0,1000
SL-101,1760,0,0
SL-102,5373,0,2500
SL-A,6157,0,0
SL-B,5128,0,0
SL-G,4757,0,0
SL-LK,3109,0,0
SL-MB-BK,3940,0,2000
SL-MB-WG,6014,0,2000
SL-R,5668,0,0
SL-W,2900,0,0
SLBK-12-102,27,0,0
SLBK-4-101,24,0,0
SLBK-4-102,42,0,0
SLBK-8-101,47,0,0
SLBK-8-102,49,0,0
SLBK-8-102-48L,100,0,0
SLE-90BK,10,0,0
SLE-90GR,5,0,0
SLE-90WG,10,0,0
SLGR-12-102,88,0,0
SLGR-4-101,64,0,0
SLGR-4-102,11,0,0
SLGR-8-102,61,0,0
SLGR-8-75,86,0,0
SLN-90BK,9,0,0
SLN-90WG,10,0,0
SLWG-12-101,12,0,0
SLWG-12-102,4,0,0
SLWG-4-101,75,0,0
SLWG-8-101,5,0,0
SLWG-8-102,47,0,0
SLWG-8-90L,14,0,0
SRP,590,0,500
SW-DM3-BK,33,0,0
T12-1000,3,0,0
T12-1000/230,0,0,0
T12-1200,7,0,5
T12-150,69,0,50
T12-150-E,136,0,0
T12-150/277,20,0,0
T12-250,3,0,0
T12-250/230,0,0,0
T12-300,110,0,50
T12-300-E,30,0,0
T12-300/277,10,0,0
T12-500,2,0,0
T12-500/230,0,0,0
T12-500/277,1,0,0
T12-60-E,30,0,0
T12-600,93,0,50
T12-600/277,37,0,0
T12-750,10,0,0
T12/1200-230,29,0,0
T12/150-230,26,0,20
T12/300-230,46,0,20
T12/600-230,44,0,20
T12200,0,0,0
T22/600,2,0,0
T24-1000,37,0,0
T24-1000/230,0,0,0
T24-1200,111,0,75
T24-150,140,0,75
T24-150/277,4,0,0
T24-250,4,0,0
T24-250/230,0,0,0
T24-300,102,0,75
T24-300/277,18,0,0
T24-500,1,0,0
T24-500/230,0,0,0
T24-500/277,0,0,0
T24-600,98,0,75
T24-600/277,11,0,0
T24-750,14,0,0
T24-750/277,0,0,0
T24/1000-230,21,0,0
T24/1200-230,14,0,20
T24/150-230,21,0,20
T24/300-230,17,0,20
T24/600-230,9,0,20
T24/750-230,15,0,0
TB-101,28383.032,0,15000
TB-101A,20603.822,0,15000
TB-101R,2108,0,0
TB-105,27057.368,0,15000
TB-105A,12507.226,0,15000
TB-106,15818.18,0,10000
TB-106A,11239.14,0,10000
TB-110A,169.856,0,0
TB-201A,0,0,0
TB-205,2859.37,0,0
TB-401F,0.06,0,0
TB-501F,0.09,0,0
TC-10-M,1,0,0
TC-10-S,7,0,0
TC-1000-S,5,0,0
TC-101A,1500,0,0
TC-101B,20000,0,0
TC-101C,2000,0,0
TC-101G,4000,0,0
TC-101R,18000,0,0
TC-10W,9,0,0
TC-300-M,2,0,0
TC-300-S,7,0,0
TC-300-S-12V,5,0,0
TC-32-M,2,0,0
TC-32-S,2,0,0
TC-32-S-120V,2,0,0
TC-400BB,2,0,10
TC4000-BB-CUSTOM,0,0,0
TD-10,5,0,0
TDP-1253,1050,0,0
TDP-1254_2,50,0,0
TDR-BASE,60221.578,0,10000
TDR-BK,0,0,0
TDR-CONN,8000,0,500
TDR-PG,13541.008,0,10000
TDR-SC,16000.32,0,5000
TDR-WB,6083,0,0
TDR-WH,6200,0,2500
TDS-CS,3800,0,2500
TDS/RIM,7788,0,500
TK-CN,578,0,250
TK-CN-2418,0,0,0
TKN-CH-R,123,0,0
TKN-CH-S,590,0,0
TKN-CP,464,0,0
TKN-EC,904,0,0
TLED-AM,16810.14,0,7500
TLED-BL,21069.32,0,10000
TLED-GR,15396.19,0,7500
TLED-IW,21404.46,0,15000
TLED-IW-HB,13801.68,0,15000
TLED-IW-UB,28409.9,0,20000
TLED-LW,5246.64,0,2500
TLED-LW-HB,6922.327,0,2500
TLED-LW-UB,4632.33,0,2500
TLED-MG,6731.57,0,2500
TLED-PL,4908.06,0,2500
TLED-RD,16382.36,0,7500
TLED-WH,18968.26,0,15000
TLED-WH-HB,20061.648,0,10000
TLED-WH-UB,18884.67,0,15000
TLED-WW,39548.792,0,30000
TLED-WW-CUT,770,0,0
TLED-WW-HB,20353.69,0,15000
TLED-WW-UB,23443.333,0,15000
TLM-100,1227,0,0
TLM-30,381,0,0
TLM-50,846,0,0
TLN-2500K,185.842,0,0
TLN-2700K,279.143,0,100
TLN-3000K,111.135,0,100
TLN-4000K,177.544,0,100
TLN-5000K,1,0,0
TLN-BASE,363.675,100,250
TLN-CP,3737,0,2500
TLN-CP-MG,951,0,0
TLN-CVR-CL,297.202,0,250
TLN-CVR-DF,445.473,100,250
TLN-DSTAPE,94.038,0,0
TLN-ED-CL,752,0,500
TLN-ED-DF,875,1000,500
TLN-JW,12736.177,0,500
TLN-NLVR,4608,0,0
TLN-RGB,29.206,0,50
TLN-SILICONE,56.61,0,5
TLP-100,1439.59,0,0
TLP-150,2179.72,0,0
TLP-30,3748.5,0,0
TLP-300,2530,0,0
TLP-50,1475.13,0,0
TLP-80,1013.54,0,0
TLW WIRE,255,0,0
TLW-100,2464.6,0,1000
TLW-150,1418.56,0,1000
TLW-25,0,0,0
TLW-30,2190.64,0,1000
TLW-300,1477,0,1000
TLW-50,4420.86,0,1000
TLW-80,2587.893,0,1000
TLX-2000K,1901,0,1000
TLX-2400K,3235,0,2000
TLX-2700K,4012,0,2000
TLX-3000K,5542,0,2000
TLX-3000K-BK,175,0,0
TLX-4500K,1154,0,1000
TLX-5700K,1123,0,0
TLX-CLB,614,0,500
TLX-CLB-OLD,320,0,0
TLX-CON-WG2,273,0,250
TLX-CON-WH12.2,24,0,0
TLX-CON-WH16,0,0,0
TLX-CON-WH2,758,0,250
TLX-CON-WH24,0,0,0
TLX-CON-WH3,4,0,0
TLX-CON-WH8,4,0,0
TLX-CP,5163,0,2000
TLX-CP-WG,1856,0,250
TLX-ED,4363,0,1000
TLX-ED-BK,279,0,0
TLX-ED-G1,2996,0,0
TLX-ED-WG,1958,0,500
TLX-FC,790,0,500
TLX-FLC-WG2,570,0,250
TLX-FLC-WH1524,0,0,0
TLX-FLC-WH153,0,0,0
TLX-FLC-WH2,1150,0,500
TLX-FLC-WH3048,0,0,0
TLX-FLC-WH305,0,0,0
TLX-FLC-WH4572,0,0,0
TLX-FLC-WH458,10,0,0
TLX-FLC-WH762,10,0,0
TLX-IW,151,0,0
TLX-KT,1717,0,1000
TLX-LC,246,0,250
TLX-LC2-BK,0,0,0
TLX-LEAD,499.6,0,0
TLX-NW,1105,0,0
TLX-RC,8917,0,2500
TLX-RC-BK,5184,0,2500
TLX-RD,32,0,0
TLX-RIVET,1300,0,0
TLX-SPACER,2878.481,0,1000
TLX-TK,877.86,0,400
TLX-TK-BK,551.008,0,250
TLX-WG-2400K-SP,322,0,400
TLX-WG-2700K-SP,2305,0,2000
TLX-WG-3000K-SP,2469,0,2000
TLX-WG-5700K-SP,26,0,0
TLX-WG-BKT,2370,0,500
TLX-WG-CH,7763.56,0,2500
TLX-WG-CH-MILL,400,0,0
TLX-WG-LVR,4780,0,2500
TLX-WG-LVR-R,600,0,0
TLX-WW,300,0,0
TLXBK-FC200,194,0,100
TLXBK-FC50,228,0,100
TLXBK-LC-CLB,140,0,100
TP-01,4150,0,5000
TP-02,4500,0,5000
TP-03,500,0,0
TP-RF,1244,0,0
TRI-100-RGB,1372.89,0,1500
TRI-150-RGB,1495.44,0,1110
TRI-200-RGB,0,0,0
TRI-250-RGB,0,0,0
TRI-300-RGB,283.64,37,0
TRI-350-RGB,0,0,0
TRI-50-RGB,1738.558,0,1575
TRI-80-RGB,10,0,0
TRI-CH-B-SC,266.09,0,100
TRI-CH-C-SC,175.5,0,100
TRI-CH-ECD,396,0,50
TRI-CH-ECL,416,0,50
TRI-LEAD,1929.8,328,1000
TRI-LNS,1200,0,1000
TRI-MC,1845,0,1000
TRI-MT,3948.173,0,2500
TRI-MT-RD,950,0,0
TRI-PF,700,0,1000
TRI2-ED,0,0,0
TS-101,2675,0,2000
TTC-F,90,0,0
TTC-M,90,0,0
TX-BKT,3755,0,0
TXB-2A,2031.76,0,0
TXB-A,13500.04,0,2500
TXB-A-SA,4200.35,0,2500
TXB-B,0,0,0
TXB-BK2,0,0,0
TXB-SC,0,0,0
TXB-W,3578.45,0,5000
TXB-W2,1119,0,0
TXLC-W,7200,0,2500
TXP-CS,4700,0,0
TXRC-A,9999.8,0,2500
TXRC-A-PA,0,0,0
TXRC-A-SA,2500.35,0,2500
TXRC-B,560,0,0
TXRC-BK,1000,0,0
TXRC-W,26999.96,0,5000
TXS-CS,2900.26,0,2500
TXS-CSR,1194,0,0
VT-12,8414,0,1000
WF-20,75,0,0
WF-50,30,0,0
WF-CL20,0,0,30
WF-CL50,14.04,0,30
WFL-1,11000,0,1000
WFL-108,23,0,36
WFL-20,55,0,30
WFT-32,100,0,100
WM-1211,161,0,0
WP-101A,1500,0,500
WP-101B,0,0,0
WP-101C,4600.39,0,500
WP-101G,0,0,0
WP-101MR,800,0,0
WP-101MV,850,0,0
WP-101R,6000,0,500
WP-101RI,700,0,0
WP-101W,630,0,500
WP-105A,4500,0,500
WP-105B,1900,0,500
WP-105C,1500,0,500
WP-105G,3500,0,500
WP-105R,3800,0,500
WP-105W,1500,0,500
WP-FF-GR,26000,0,0
WP-L01C,31613.642,0,25000
WP-L01C-S,680.7,0,0
WP-L02C,47764.973,0,30000
XB-3F,3330,0,2500
XB-5C,2412,0,0
XB-5F,12239.36,0,0
XB-5FB,1242.55,0,0
XB-8F,25130.2,0,0
XB-8FB,7849.91,0,0
XB-8FU,967,0,0
